q1 = [ 0.57735027  0.57735027  0.57735027]

k = 1
    q2 = [  3.46410162   8.66025404  13.85640646]
    j = 1
        h[1,1] = 15.0
        q2 = [ -5.19615242e+00  -1.77635684e-15   5.19615242e+00]
    h[2,1] = 7.34846922835
    q2 = [ -7.07106781e-01  -2.41731548e-16   7.07106781e-01]
k = 2
    q3 = [ 1.41421356  1.41421356  1.41421356]
    j = 1
        h[1,2] = 2.44948974278
        q3 = [  6.66133815e-16  -8.88178420e-16  -1.33226763e-15]
    j = 2
        h[2,2] = -1.41308321282e-15
        q3 = [ -3.33066907e-16  -8.88178420e-16  -3.33066907e-16]
    h[3,2] = 1.00534970772e-15
    q3 = [-0.33129458 -0.88345221 -0.33129458]
k = 3
    q4 = [ -3.09208273  -7.73020683 -12.36833092]
    j = 1
        h[1,3] = -13.3891109743
        q4 = [  4.63812410e+00   1.77635684e-15  -4.63812410e+00]
    j = 2
        h[2,3] = -6.55929799932
        q4 = [  8.88178420e-16   1.90767583e-16   2.66453526e-15]
    j = 3
        h[3,3] = -1.3455288219e-15
        q4 = [  4.42412016e-16  -9.97942827e-16   2.21876886e-15]
    h[4,3] = 2.47276232424e-15
    q4 = [ 0.17891409 -0.4035741   0.89728351]
A: [[1 2 3]
 [4 5 6]
 [7 8 9]]

eigen values of A: [  1.61168440e+01  -1.11684397e+00  -1.30367773e-15]

H: [[  1.50000000e+01   2.44948974e+00  -1.33891110e+01]
 [  7.34846923e+00  -1.41308321e-15  -6.55929800e+00]
 [  0.00000000e+00   1.00534971e-15  -1.34552882e-15]
 [  0.00000000e+00   0.00000000e+00   2.47276232e-15]]

eigen values of H: [  1.61168440e+01  -1.11684397e+00  -1.34552882e-15]
